Topo: 3616
3616
3614
3613
3610
3608
3607
3606
3604
3603
3602
3601
3599
3597
3596
3585
3584
3582
3576
3574
3573
3571
3567
3564
3562
3555
3554
3553
3549
3544
3543
3540
3531
3530
3526
3522
3521
3518
3514
3513
3510
3504
3502
3499
3498
3497
3494
3491
3490
3488
3486
3485
3484
3483
3474
3471
3470
3469
3465
3464
3463
3462
3459
3458
3457
3450
3445
3444
3441
3439
3428
3427
3425
3422
3419
3418
3416
3414
3412
3410
3406
3404
3397
3396
3395
3394
3393
3392
3391
3388
3386
3384
3383
3381
3380
3379
3378
3371
3370
3366
3362
3358
3356
3355
3350
3349
3348
3345
3341
3340
3339
3337
3336
3335
3331
3328
3326
3323
3322
3320
3318
3315
3314
3311
3310
3306
3301
3299
3293
3290
3285
3283
3281
3279
3276
3270
3269
3266
3265
3264
3260
3258
3257
3255
3254
3253
3251
3250
3248
3244
3243
3240
3239
3229
3227
3221
3220
3217
3216
3213
3212
3211
3208
3204
3198
3196
3194
3193
3191
3179
3176
3173
3170
3168
3167
3164
3163
3150
3149
3144
3141
3140
3139
3137
3136
3134
3131
3128
3126
3121
3116
3114
3110
3109
3105
3093
3092
3091
3089
3088
3087
3084
3081
3080
3079
3074
3073
3069
3060
3059
3055
3049
3045
3041
3040
3038
3036
3030
3029
3026
3024
3023
3022
3021
3016
3012
3011
3006
2997
2996
2995
2991
2977
2976
2974
2970
2969
2968
2963
2960
2959
2957
2954
2949
2947
2945
2943
2940
2935
2932
2930
2922
2921
2920
2918
2917
2914
2912
2911
2910
2906
2903
2902
2901
2900
2897
2896
2889
2884
2882
2873
2869
2868
2867
2866
2863
2854
2853
2852
2845
2841
2839
2834
2826
2825
2823
2821
2817
2812
2811
2810
2808
2805
2803
2802
2801
2799
2796
2788
2786
2785
2784
2779
2772
2771
2768
2766
2761
2758
2757
2756
2754
2752
2750
2748
2747
2746
2740
2738
2737
2735
2733
2731
2728
2725
2724
2722
2720
2719
2718
2716
2708
2704
2703
2702
2701
2699
2698
2696
2693
2690
2689
2687
2685
2681
2678
2676
2675
2674
2669
2668
2661
2659
2658
2655
2652
2650
2646
2642
2639
2630
2627
2626
2625
2623
2621
2620
2617
2616
2614
2606
2605
2603
2601
2600
2599
2596
2593
2589
2587
2586
2584
2581
2580
2578
2577
2575
2570
2568
2565
2564
2563
2562
2555
2554
2552
2550
2544
2540
2539
2536
2534
2530
2518
2514
2512
2510
2507
2506
2499
2494
2492
2490
2487
2484
2483
2482
2481
2479
2478
2476
2472
2469
2468
2465
2464
2462
2460
2458
2457
2454
2453
2452
2450
2445
2444
2443
2441
2440
2438
2433
2432
2431
2428
2427
2426
2424
2419
2417
2415
2414
2412
2404
2401
2399
2391
2390
2389
2388
2386
2383
2381
2379
2370
2368
2364
2363
2361
2360
2358
2355
2354
2351
2342
2341
2338
2336
2333
2321
2320
2319
2314
2312
2311
2309
2307
2305
2302
2301
2300
2295
2292
2291
2288
2286
2283
2280
2277
2274
2270
2268
2265
2262
2261
2260
2259
2256
2255
2254
2252
2251
2248
2244
2241
2239
2235
2233
2231
2227
2225
2219
2217
2216
2213
2212
2211
2208
2203
2202
2201
2200
2199
2197
2196
2195
2194
2191
2189
2187
2180
2178
2177
2174
2168
2166
2164
2162
2159
2157
2154
2152
2151
2150
2149
2146
2141
2136
2131
2124
2123
2118
2116
2115
2114
2112
2109
2106
2104
2101
2100
2095
2091
2089
2087
2082
2078
2075
2073
2070
2069
2068
2067
2066
2065
2061
2058
2056
2055
2053
2049
2048
2044
2040
2038
2036
2032
2030
2026
2025
2024
2020
2017
2014
2013
2010
2004
2002
2000
1997
1995
1992
1991
1990
1989
1987
1980
1978
1977
1975
1973
1969
1965
1963
1958
1948
1946
1939
1938
1935
1934
1933
1932
1927
1922
1920
1906
1900
1899
1895
1894
1893
1892
1891
1890
1884
1880
1878
1876
1872
1871
1869
1868
1861
1860
1859
1855
1854
1846
1845
1841
1840
1837
1836
1835
1830
1829
1817
1811
1806
1800
1798
1794
1790
1788
1787
1785
1784
1782
1779
1776
1775
1774
1772
1768
1767
1766
1761
1758
1754
1746
1745
1744
1742
1739
1737
1732
1729
1722
1721
1718
1717
1711
1708
1707
1705
1704
1699
1697
1695
1692
1689
1688
1687
1686
1685
1684
1683
1680
1676
1674
1672
1670
1668
1665
1657
1654
1651
1648
1646
1643
1640
1637
1634
1632
1629
1624
1622
1621
1616
1613
1610
1607
1605
1595
1594
1591
1588
1587
1582
1579
1576
1572
1570
1567
1565
1564
1562
1558
1552
1547
1546
1542
1535
1533
1532
1531
1530
1523
1520
1514
1512
1511
1509
1507
1506
1502
1500
1499
1498
1497
1496
1495
1491
1489
1481
1477
1476
1473
1471
1469
1466
1465
1464
1462
1460
1457
1455
1454
1453
1450
1446
1444
1433
1432
1431
1430
1428
1427
1426
1424
1417
1414
1413
1408
1407
1406
1404
1398
1397
1396
1395
1394
1393
1389
1388
1386
1379
1377
1372
1370
1369
1367
1365
1364
1353
1351
1350
1342
1341
1333
1330
1329
1328
1327
1322
1303
1301
1300
1298
1297
1293
1292
1289
1287
1286
1280
1276
1274
1271
1269
1266
1264
1260
1256
1251
1246
1244
1241
1236
1233
1230
1229
1227
1226
1223
1217
1215
1214
1213
1211
1208
1207
1206
1204
1202
1201
1199
1197
1195
1193
1188
1179
1178
1175
1174
1172
1171
1170
1167
1162
1154
1150
1148
1147
1146
1143
1141
1140
1139
1138
1132
1129
1124
1123
1119
1116
1115
1111
1110
1107
1104
1102
1100
1097
1096
1095
1088
1085
1083
1082
1081
1076
1075
1068
1064
1063
1062
1059
1058
1057
1051
1049
1048
1047
1044
1041
1035
1033
1029
1025
1024
1023
1020
1019
1013
1011
1009
1003
1002
1000
998
997
992
991
989
987
986
983
981
980
976
973
968
965
957
955
954
952
950
949
945
943
942
941
940
939
938
936
935
929
926
922
921
918
915
912
907
906
901
896
892
891
884
881
880
879
874
869
865
862
859
856
854
851
850
848
845
844
842
837
833
832
830
829
828
825
823
819
813
809
808
807
806
804
803
801
795
793
790
787
786
784
783
782
781
779
778
777
773
772
761
760
759
753
752
751
748
747
743
742
741
740
739
734
732
731
730
727
726
720
717
715
714
712
710
709
708
705
702
699
698
697
696
692
681
680
676
671
665
662
661
660
659
657
653
651
650
648
647
646
643
634
632
630
626
625
618
613
611
608
606
605
601
596
593
590
589
587
585
583
572
570
569
565
564
562
560
559
556
554
552
543
542
536
532
529
527
526
524
522
521
519
516
510
508
507
505
503
493
490
488
487
486
482
479
478
477
476
471
470
467
466
465
463
453
449
448
443
438
437
436
435
424
423
422
420
419
418
407
404
395
393
391
385
384
373
367
366
365
360
358
357
352
348
347
345
344
343
340
333
332
330
329
325
321
320
319
318
317
314
310
308
305
302
299
298
296
295
291
286
284
283
280
277
274
272
270
269
268
267
266
264
263
262
260
259
257
253
252
246
241
235
234
232
230
227
226
220
219
217
215
214
213
208
207
205
204
200
198
192
187
186
185
182
180
177
175
174
172
171
168
167
165
161
159
157
156
154
153
152
151
148
145
142
140
139
138
134
133
131
128
126
125
124
115
113
111
108
107
106
105
100
93
91
90
88
85
84
71
63
61
58
57
47
45
44
38
31
22
20
17
16
13
11
9
8
6
1
Case 1: 3616
Topo: 1921
1921
1920
1915
1903
1902
1901
1900
1898
1896
1893
1888
1884
1881
1879
1877
1876
1871
1870
1868
1863
1858
1856
1854
1853
1847
1846
1845
1844
1842
1841
1840
1838
1836
1834
1833
1832
1830
1827
1823
1818
1816
1811
1807
1804
1802
1799
1797
1794
1792
1786
1784
1782
1781
1779
1778
1776
1774
1772
1770
1767
1765
1764
1762
1761
1760
1755
1754
1753
1752
1751
1748
1744
1743
1735
1731
1729
1725
1719
1715
1713
1710
1708
1705
1704
1702
1694
1692
1689
1684
1682
1681
1673
1666
1665
1664
1662
1653
1650
1648
1644
1643
1642
1641
1640
1637
1634
1629
1628
1627
1626
1620
1619
1617
1616
1615
1612
1611
1609
1608
1606
1605
1604
1602
1601
1600
1595
1593
1592
1591
1583
1580
1578
1577
1576
1574
1569
1565
1564
1563
1560
1558
1556
1553
1545
1538
1532
1530
1527
1526
1524
1523
1521
1520
1518
1517
1516
1514
1507
1506
1501
1500
1492
1491
1490
1489
1486
1485
1484
1482
1478
1475
1474
1471
1470
1467
1466
1464
1463
1460
1459
1458
1455
1452
1451
1449
1440
1439
1436
1435
1433
1429
1428
1427
1425
1418
1417
1416
1415
1413
1412
1409
1408
1407
1405
1403
1402
1401
1399
1397
1396
1393
1392
1388
1387
1386
1381
1380
1379
1377
1375
1370
1369
1358
1355
1353
1351
1350
1349
1348
1347
1341
1337
1336
1331
1330
1326
1321
1317
1316
1311
1310
1309
1308
1307
1305
1301
1296
1289
1283
1279
1277
1275
1274
1273
1272
1266
1261
1260
1247
1246
1243
1241
1235
1232
1227
1224
1219
1218
1217
1216
1208
1205
1201
1199
1198
1193
1192
1191
1187
1179
1177
1170
1169
1168
1167
1165
1164
1163
1161
1159
1157
1156
1151
1150
1147
1146
1144
1143
1139
1134
1126
1118
1115
1112
1107
1106
1105
1104
1103
1102
1100
1099
1098
1094
1091
1084
1082
1079
1078
1077
1076
1070
1065
1063
1062
1059
1056
1055
1054
1052
1050
1049
1047
1046
1044
1043
1041
1035
1034
1023
1022
1016
1013
1006
1001
999
996
995
982
980
974
971
969
965
964
963
960
959
958
949
948
946
944
941
931
930
927
926
924
922
920
919
918
911
909
908
906
904
902
898
891
888
887
884
883
882
881
877
876
875
867
863
861
851
848
847
845
844
843
842
841
831
827
824
822
821
820
819
817
814
812
811
809
808
807
801
800
799
797
796
795
792
790
789
786
785
784
783
781
776
773
772
770
768
762
758
754
753
751
750
749
748
745
743
740
736
735
734
732
729
721
720
717
716
709
708
706
704
701
693
689
688
687
684
683
679
676
675
670
669
666
664
657
655
654
647
646
644
639
637
635
633
623
621
614
613
611
605
604
603
601
600
599
598
593
590
587
586
583
581
579
578
577
571
570
565
564
563
558
557
556
554
550
549
548
545
543
542
541
540
539
538
531
527
524
523
522
518
516
514
511
509
508
507
504
498
494
490
488
487
482
477
476
475
473
470
465
464
463
459
455
454
453
452
445
443
442
434
433
432
429
426
425
420
419
412
411
405
400
399
397
392
390
387
386
377
376
374
372
367
365
360
358
356
354
347
344
342
334
332
331
325
324
322
321
319
318
317
311
308
301
299
296
294
292
291
286
282
280
277
275
273
269
267
266
265
264
263
259
257
256
253
251
248
247
245
239
238
235
232
231
230
225
224
221
219
218
212
211
210
208
206
205
203
201
198
195
193
187
183
182
181
179
177
175
174
168
164
161
157
151
148
147
139
138
137
136
128
127
122
119
118
115
114
113
111
108
106
105
101
100
99
98
95
94
93
90
89
88
80
76
75
74
70
68
65
60
56
54
53
50
45
42
41
37
35
32
30
28
26
20
17
16
14
10
6
4
3
Case 2: 1854
Topo: 4318
4318
4317
4316
4313
4309
4308
4305
4299
4294
4291
4290
4288
4286
4284
4277
4274
4272
4271
4270
4265
4263
4260
4258
4254
4252
4251
4244
4241
4237
4235
4233
4231
4230
4229
4228
4227
4226
4225
4223
4219
4218
4214
4208
4206
4205
4204
4202
4200
4199
4197
4191
4187
4185
4184
4182
4177
4175
4174
4172
4171
4169
4168
4166
4165
4160
4159
4154
4151
4147
4146
4145
4144
4142
4141
4140
4139
4130
4128
4127
4126
4106
4104
4100
4098
4097
4094
4089
4084
4082
4081
4077
4076
4073
4072
4071
4070
4068
4066
4061
4056
4054
4053
4050
4047
4042
4040
4038
4036
4034
4033
4032
4031
4030
4028
4023
4022
4018
4011
4008
4006
4005
4004
4003
4002
4001
4000
3995
3992
3990
3986
3983
3982
3979
3973
3971
3964
3960
3953
3950
3943
3942
3940
3938
3936
3935
3931
3930
3927
3926
3914
3913
3908
3905
3901
3900
3898
3896
3893
3890
3889
3887
3886
3881
3880
3879
3878
3875
3874
3863
3862
3861
3860
3855
3852
3850
3848
3847
3843
3841
3840
3839
3836
3834
3831
3829
3827
3823
3822
3821
3817
3800
3799
3798
3797
3794
3792
3790
3789
3786
3785
3784
3782
3775
3771
3770
3767
3766
3761
3760
3758
3753
3752
3747
3745
3742
3740
3736
3733
3729
3727
3721
3719
3717
3716
3715
3714
3713
3712
3710
3706
3704
3700
3699
3696
3690
3687
3686
3685
3679
3672
3668
3666
3658
3657
3655
3652
3647
3640
3639
3635
3632
3626
3625
3623
3620
3619
3616
3613
3611
3606
3605
3603
3602
3601
3600
3598
3597
3594
3585
3581
3576
3575
3570
3569
3567
3566
3565
3558
3557
3555
3554
3549
3547
3545
3540
3535
3533
3532
3531
3525
3518
3517
3516
3514
3512
3511
3508
3506
3504
3503
3502
3500
3499
3498
3497
3496
3495
3494
3486
3484
3483
3479
3477
3476
3471
3468
3466
3462
3460
3459
3458
3455
3453
3449
3446
3445
3443
3442
3433
3431
3427
3423
3419
3414
3412
3411
3409
3407
3406
3404
3403
3400
3390
3386
3385
3384
3382
3379
3376
3373
3370
3369
3368
3367
3365
3363
3357
3356
3353
3352
3346
3344
3343
3340
3339
3334
3333
3327
3322
3318
3317
3316
3314
3306
3301
3297
3292
3289
3288
3287
3284
3278
3275
3273
3271
3270
3269
3268
3267
3266
3262
3259
3257
3256
3255
3253
3252
3246
3243
3239
3237
3236
3235
3233
3230
3227
3225
3223
3222
3221
3217
3216
3213
3212
3208
3204
3202
3200
3197
3192
3189
3188
3185
3183
3182
3177
3174
3171
3166
3165
3164
3162
3154
3153
3148
3143
3142
3137
3136
3133
3132
3125
3123
3121
3117
3115
3112
3111
3107
3106
3098
3097
3094
3093
3092
3089
3087
3086
3085
3083
3082
3081
3079
3077
3074
3073
3072
3067
3066
3064
3063
3061
3060
3058
3052
3048
3047
3041
3032
3029
3027
3024
3023
3022
3018
3017
3016
3010
3004
3002
2999
2995
2992
2990
2985
2978
2976
2975
2971
2968
2965
2956
2952
2951
2950
2943
2941
2940
2938
2937
2933
2932
2930
2928
2926
2922
2920
2919
2918
2915
2905
2904
2897
2888
2886
2885
2881
2875
2874
2871
2870
2866
2864
2862
2860
2855
2854
2853
2846
2844
2842
2836
2833
2830
2826
2823
2822
2818
2814
2811
2810
2805
2804
2803
2798
2793
2787
2786
2784
2783
2781
2779
2778
2777
2776
2775
2773
2772
2770
2767
2766
2762
2760
2759
2758
2757
2748
2747
2746
2745
2744
2743
2740
2739
2738
2737
2735
2731
2729
2728
2727
2726
2725
2724
2723
2722
2719
2717
2715
2711
2709
2707
2706
2702
2699
2698
2697
2695
2693
2692
2691
2682
2676
2675
2671
2670
2668
2663
2660
2655
2651
2636
2635
2634
2628
2627
2620
2619
2616
2615
2613
2611
2604
2602
2601
2597
2592
2590
2585
2584
2582
2581
2580
2569
2568
2567
2561
2556
2555
2552
2549
2548
2545
2542
2541
2538
2536
2530
2529
2528
2526
2522
2520
2519
2518
2516
2504
2503
2501
2497
2495
2492
2490
2488
2484
2482
2481
2480
2479
2473
2472
2471
2468
2467
2466
2462
2460
2458
2457
2456
2454
2453
2452
2451
2446
2444
2442
2440
2439
2437
2435
2432
2431
2427
2413
2411
2410
2409
2407
2403
2401
2397
2394
2392
2390
2389
2387
2380
2378
2374
2373
2370
2369
2367
2364
2362
2360
2358
2354
2353
2352
2351
2350
2349
2347
2346
2338
2337
2336
2331
2330
2328
2326
2323
2322
2318
2316
2315
2314
2312
2310
2306
2304
2303
2300
2298
2296
2291
2290
2287
2286
2284
2281
2271
2263
2258
2256
2253
2252
2247
2244
2243
2241
2239
2237
2235
2234
2232
2231
2227
2223
2219
2218
2213
2207
2201
2200
2198
2196
2189
2185
2182
2180
2177
2170
2168
2167
2162
2161
2160
2156
2153
2150
2147
2146
2143
2142
2140
2137
2131
2126
2125
2117
2113
2112
2109
2108
2104
2103
2102
2101
2097
2096
2094
2086
2081
2075
2072
2071
2064
2062
2057
2053
2050
2049
2042
2040
2039
2037
2031
2030
2028
2027
2025
2024
2020
2019
2017
2015
2011
2007
2006
2004
2003
2000
1999
1998
1995
1993
1988
1984
1980
1978
1975
1973
1972
1970
1969
1968
1966
1962
1958
1957
1955
1953
1952
1944
1943
1936
1934
1932
1931
1929
1928
1927
1921
1918
1917
1914
1911
1908
1907
1904
1902
1900
1896
1892
1891
1890
1888
1887
1886
1885
1884
1883
1877
1875
1873
1871
1865
1864
1862
1857
1856
1851
1849
1847
1844
1838
1832
1828
1825
1824
1821
1817
1816
1813
1811
1810
1809
1805
1804
1799
1797
1793
1791
1790
1787
1786
1785
1777
1776
1775
1768
1766
1763
1762
1761
1760
1748
1747
1740
1736
1735
1734
1728
1724
1721
1719
1712
1710
1709
1708
1706
1704
1702
1700
1697
1696
1691
1686
1679
1674
1672
1671
1669
1668
1667
1665
1661
1660
1659
1656
1654
1652
1650
1647
1645
1644
1641
1635
1633
1631
1630
1629
1624
1622
1621
1619
1616
1614
1611
1604
1599
1597
1594
1588
1587
1585
1583
1582
1579
1573
1567
1565
1564
1562
1561
1554
1553
1551
1545
1541
1535
1534
1533
1522
1521
1519
1513
1512
1506
1505
1501
1500
1498
1497
1494
1486
1484
1480
1479
1475
1473
1472
1469
1464
1452
1451
1448
1447
1446
1445
1443
1440
1438
1437
1436
1435
1431
1426
1425
1423
1421
1414
1413
1412
1409
1405
1404
1401
1400
1399
1393
1392
1390
1389
1386
1379
1377
1368
1363
1361
1359
1357
1352
1351
1348
1343
1341
1340
1337
1336
1335
1334
1332
1330
1321
1320
1318
1315
1310
1306
1304
1301
1298
1296
1295
1290
1287
1285
1283
1282
1279
1277
1274
1272
1268
1265
1264
1260
1259
1258
1257
1253
1245
1240
1239
1238
1234
1231
1228
1226
1225
1224
1223
1222
1221
1217
1215
1210
1208
1207
1206
1204
1196
1195
1187
1186
1181
1174
1171
1170
1169
1168
1167
1166
1163
1161
1157
1155
1154
1151
1146
1131
1130
1129
1128
1126
1125
1122
1121
1117
1110
1105
1099
1096
1095
1093
1090
1083
1081
1077
1072
1071
1069
1068
1067
1065
1063
1054
1049
1044
1043
1042
1041
1039
1038
1036
1033
1032
1029
1028
1027
1025
1024
1022
1018
1017
1015
1014
1009
1007
1005
1003
1002
1001
999
991
988
982
979
977
969
953
952
950
949
948
946
943
941
935
927
925
920
919
917
908
905
902
899
896
893
892
891
888
885
883
882
881
880
879
878
873
871
868
867
866
864
862
860
858
857
855
854
852
850
849
845
842
837
835
834
833
832
829
828
827
825
822
810
807
804
802
800
799
794
793
792
791
790
788
786
782
776
773
771
767
766
765
764
763
758
757
755
748
747
745
735
734
731
730
729
728
726
725
719
715
712
706
703
702
701
700
699
693
686
681
678
676
673
672
670
668
666
661
656
652
650
648
647
645
643
641
634
633
632
627
626
625
620
615
614
611
610
606
605
603
602
601
600
598
596
592
590
585
582
581
579
574
573
571
570
568
567
562
552
551
549
541
540
539
538
536
534
533
532
529
527
526
523
521
520
519
515
512
508
505
504
503
501
487
484
479
478
472
470
467
465
464
463
462
460
457
456
454
453
451
445
444
437
432
425
423
422
420
417
413
405
404
403
398
397
396
393
386
385
381
378
375
373
372
370
366
365
359
358
356
355
349
348
347
346
344
340
339
338
337
335
334
333
329
326
325
324
323
322
318
316
313
306
304
303
302
300
297
294
292
291
288
287
282
281
278
276
275
274
272
265
264
261
255
254
248
241
240
239
230
229
224
219
218
217
213
210
206
204
203
202
197
196
194
193
189
188
187
186
185
183
180
179
175
173
170
169
165
164
161
160
159
153
152
151
150
146
141
140
137
136
134
132
120
118
117
116
114
113
112
111
110
109
105
98
97
93
92
90
86
82
75
73
70
68
67
63
61
58
49
48
46
43
40
39
36
35
33
28
27
19
17
12
11
9
7
6
Case 3: 4316
Topo: 3311
3311
3309
3307
3306
3304
3303
3301
3300
3297
3290
3289
3283
3281
3279
3274
3271
3269
3268
3264
3263
3255
3251
3250
3249
3247
3246
3241
3238
3237
3231
3223
3221
3219
3218
3216
3215
3214
3213
3212
3211
3210
3209
3206
3204
3202
3201
3200
3197
3196
3194
3193
3185
3184
3183
3181
3178
3177
3174
3173
3171
3170
3169
3166
3164
3162
3156
3155
3151
3147
3142
3137
3134
3131
3128
3125
3118
3114
3112
3111
3108
3101
3100
3099
3098
3097
3096
3093
3090
3089
3088
3087
3085
3082
3080
3075
3074
3072
3068
3065
3056
3054
3053
3052
3051
3049
3047
3042
3041
3040
3036
3034
3032
3029
3027
3024
3023
3022
3021
3018
3016
3015
3012
3003
3002
3001
2991
2977
2975
2974
2969
2966
2964
2963
2960
2958
2954
2951
2950
2948
2945
2943
2941
2940
2939
2933
2931
2926
2923
2918
2915
2913
2912
2910
2907
2902
2899
2898
2895
2893
2891
2885
2881
2875
2874
2872
2868
2857
2853
2847
2844
2840
2839
2837
2834
2832
2831
2827
2824
2817
2808
2807
2804
2795
2793
2790
2778
2776
2775
2773
2771
2770
2769
2764
2762
2761
2756
2748
2746
2745
2742
2741
2740
2735
2733
2731
2730
2729
2724
2721
2719
2717
2714
2713
2711
2710
2709
2707
2706
2705
2702
2701
2700
2697
2694
2684
2681
2678
2676
2674
2673
2669
2668
2661
2656
2655
2652
2651
2650
2648
2642
2641
2640
2638
2636
2635
2633
2630
2624
2619
2618
2616
2612
2611
2607
2606
2605
2604
2603
2601
2600
2599
2598
2594
2591
2589
2588
2587
2585
2584
2580
2578
2576
2573
2569
2568
2565
2554
2553
2548
2542
2538
2536
2530
2529
2525
2524
2522
2520
2518
2515
2511
2506
2498
2485
2484
2483
2482
2480
2479
2477
2473
2471
2469
2467
2466
2455
2452
2450
2445
2442
2440
2427
2426
2425
2424
2422
2419
2418
2417
2416
2414
2412
2410
2400
2384
2382
2378
2377
2364
2362
2360
2358
2357
2355
2352
2351
2350
2349
2343
2340
2339
2338
2337
2333
2332
2330
2328
2327
2322
2320
2319
2318
2315
2312
2307
2305
2303
2300
2298
2297
2291
2289
2288
2286
2283
2280
2279
2278
2277
2272
2269
2267
2265
2258
2256
2255
2246
2245
2241
2239
2236
2235
2234
2231
2230
2229
2227
2226
2222
2214
2208
2207
2205
2204
2199
2198
2193
2192
2190
2189
2188
2183
2182
2181
2179
2176
2171
2168
2164
2163
2161
2160
2158
2153
2149
2146
2143
2141
2138
2136
2132
2129
2127
2126
2124
2120
2119
2115
2112
2101
2099
2098
2096
2093
2092
2090
2086
2085
2083
2082
2076
2075
2074
2070
2068
2067
2065
2064
2055
2052
2048
2045
2044
2043
2041
2040
2039
2033
2029
2027
2025
2021
2019
2016
2015
2014
2005
2004
2003
2001
2000
1998
1994
1992
1989
1987
1986
1981
1979
1976
1972
1971
1968
1965
1964
1963
1962
1961
1959
1957
1955
1953
1952
1951
1946
1942
1941
1935
1933
1932
1931
1929
1927
1925
1924
1921
1915
1914
1913
1904
1895
1884
1882
1870
1869
1867
1866
1864
1862
1860
1855
1852
1849
1833
1828
1825
1822
1818
1817
1816
1812
1809
1802
1796
1795
1793
1792
1789
1785
1784
1781
1780
1778
1777
1776
1775
1774
1773
1772
1771
1769
1765
1761
1759
1758
1757
1756
1755
1754
1753
1751
1749
1746
1745
1744
1743
1742
1741
1736
1730
1729
1728
1721
1719
1712
1710
1705
1704
1703
1699
1696
1691
1688
1686
1685
1684
1683
1682
1679
1678
1673
1670
1669
1668
1666
1664
1663
1662
1656
1655
1649
1648
1645
1643
1639
1638
1635
1634
1633
1632
1631
1628
1627
1625
1619
1615
1614
1611
1604
1602
1596
1595
1593
1592
1589
1588
1585
1582
1578
1576
1573
1570
1569
1566
1563
1562
1561
1560
1557
1555
1551
1549
1539
1538
1537
1534
1533
1530
1527
1523
1522
1521
1520
1513
1512
1510
1508
1503
1502
1500
1499
1497
1496
1485
1484
1483
1480
1479
1476
1475
1474
1473
1471
1470
1468
1467
1465
1463
1461
1459
1458
1454
1453
1451
1450
1444
1443
1442
1440
1437
1434
1432
1424
1423
1422
1421
1420
1417
1414
1412
1411
1409
1408
1400
1399
1389
1387
1382
1380
1375
1372
1364
1362
1353
1352
1351
1350
1343
1341
1339
1336
1331
1330
1325
1321
1320
1319
1318
1315
1313
1311
1306
1304
1302
1301
1300
1299
1295
1294
1293
1290
1289
1287
1284
1281
1278
1277
1274
1273
1272
1270
1267
1265
1261
1258
1257
1253
1252
1247
1245
1244
1241
1240
1238
1237
1234
1231
1230
1229
1226
1225
1224
1222
1220
1216
1211
1205
1203
1201
1200
1198
1195
1192
1188
1181
1180
1174
1172
1171
1170
1168
1163
1161
1160
1158
1156
1154
1152
1151
1148
1144
1142
1141
1137
1135
1132
1130
1124
1119
1118
1115
1114
1111
1109
1107
1104
1103
1102
1100
1098
1097
1091
1089
1086
1082
1075
1072
1065
1062
1057
1055
1053
1049
1047
1046
1045
1043
1039
1031
1027
1026
1022
1021
1020
1019
1018
1017
1014
1010
1009
996
995
994
993
991
989
988
985
982
980
978
976
968
967
966
959
957
954
952
948
946
944
930
925
922
920
917
916
915
905
897
896
895
886
885
884
883
882
881
880
871
870
863
862
861
859
858
857
856
855
852
851
850
849
847
846
842
839
837
836
834
833
831
830
826
825
824
820
819
816
815
813
812
808
807
806
804
802
801
799
797
796
795
792
788
784
782
775
773
772
767
766
761
760
759
757
755
750
746
745
739
737
736
735
732
731
728
725
720
719
717
713
709
704
701
700
697
696
695
691
690
689
688
687
681
677
675
674
670
666
664
662
655
653
652
650
646
645
642
640
638
637
636
635
630
629
627
624
621
620
609
607
603
599
595
594
592
591
590
589
584
580
576
569
565
557
556
550
542
540
539
537
536
532
531
529
526
524
523
519
518
517
511
508
507
504
496
494
492
491
487
482
480
478
476
470
467
466
465
464
452
449
443
440
439
435
433
427
426
421
420
414
412
410
409
408
406
405
399
392
388
384
381
380
379
378
377
368
367
363
362
359
357
354
350
349
345
343
342
338
337
327
326
323
319
314
313
309
307
301
299
294
292
290
289
288
287
286
282
281
276
274
273
271
269
268
263
259
255
247
244
242
241
240
237
233
231
229
226
222
218
196
191
188
180
179
178
177
176
175
169
165
164
161
160
159
158
157
155
152
150
144
142
138
135
132
131
129
125
121
120
119
118
116
115
112
111
107
104
103
100
99
97
93
91
88
85
84
82
79
76
75
74
67
66
64
57
55
53
51
48
47
45
41
39
37
35
30
29
27
26
25
22
21
17
15
11
10
9
8
3
1
Case 4: 3311
Topo: 596
596
592
591
590
588
580
578
576
575
572
571
562
560
556
555
552
546
545
544
536
535
533
525
524
516
514
511
508
505
503
500
499
496
493
483
482
481
480
478
477
476
474
472
467
466
463
462
460
457
451
448
447
445
442
435
434
432
431
429
422
421
413
411
410
408
406
405
402
400
398
397
396
392
390
388
378
377
376
372
365
361
359
357
356
351
350
348
347
344
343
341
339
335
333
330
327
326
321
319
315
307
306
304
303
302
298
296
291
290
289
286
285
283
282
277
276
273
266
265
262
261
259
257
255
251
246
245
243
242
235
234
232
230
226
225
223
222
220
213
212
211
208
207
206
201
198
193
192
183
182
179
178
176
174
172
171
165
163
162
156
155
154
151
150
146
140
139
134
133
129
127
126
118
116
113
110
109
108
104
103
99
97
94
93
90
83
81
76
73
70
69
66
63
62
59
58
56
54
53
48
45
44
43
40
34
33
31
30
28
26
24
23
21
16
15
12
11
8
6
5
3
2
Case 5: 596
Topo: 1292
1292
1291
1284
1283
1280
1279
1278
1274
1271
1263
1262
1261
1253
1252
1242
1241
1239
1238
1237
1233
1230
1229
1222
1221
1219
1212
1211
1210
1206
1202
1197
1195
1193
1192
1190
1188
1185
1181
1177
1174
1173
1168
1167
1165
1160
1158
1157
1152
1147
1144
1142
1141
1140
1136
1132
1131
1130
1129
1128
1127
1125
1123
1112
1111
1108
1105
1103
1101
1097
1093
1092
1091
1089
1082
1080
1079
1076
1074
1072
1071
1063
1061
1058
1057
1056
1055
1052
1051
1049
1039
1038
1036
1035
1034
1032
1029
1027
1025
1023
1022
1020
1019
1016
1012
1010
1008
1007
1005
1004
1003
1000
999
998
997
995
994
993
991
990
988
985
984
979
978
976
974
972
971
970
969
968
965
963
959
956
955
953
952
945
944
942
938
934
925
924
923
913
912
909
904
903
899
895
894
889
887
883
876
866
865
850
847
844
841
838
834
831
827
825
821
818
816
813
812
810
807
806
800
799
798
796
795
794
793
787
785
782
779
777
776
769
763
759
757
756
748
745
742
740
739
737
734
732
730
728
727
723
720
719
717
716
715
714
711
708
707
706
703
698
692
690
689
687
684
683
681
680
679
674
673
670
665
661
659
653
651
649
648
647
644
641
639
627
624
621
620
619
618
609
607
603
602
601
592
590
588
587
584
582
581
577
576
575
574
571
570
569
566
564
561
556
552
551
549
548
547
546
543
542
539
535
533
532
531
527
525
517
508
502
501
497
495
493
490
488
485
482
480
478
476
475
472
471
464
457
454
448
447
445
444
437
432
426
424
420
416
414
413
412
410
409
404
402
399
394
393
392
391
377
376
370
369
368
366
364
357
355
354
351
345
343
340
339
332
330
326
319
317
315
308
307
306
304
303
302
297
295
294
292
288
286
285
273
271
268
267
266
265
264
263
262
261
260
259
253
243
239
238
237
236
234
231
228
226
224
215
214
213
211
209
208
202
199
198
197
194
193
187
186
184
179
173
169
168
164
162
160
159
156
154
150
149
147
142
139
136
129
121
120
117
109
104
103
101
98
96
95
94
93
91
90
88
87
85
84
81
77
72
67
66
64
63
62
58
55
51
48
46
43
38
37
35
33
32
29
28
27
24
22
19
17
13
10
5
4
3
Case 6: 1280
Topo: 4342
4342
4341
4339
4337
4335
4334
4333
4328
4326
4323
4320
4319
4317
4315
4310
4304
4299
4296
4289
4283
4281
4277
4273
4270
4269
4268
4267
4266
4264
4261
4260
4258
4256
4253
4251
4250
4249
4244
4243
4241
4240
4238
4237
4236
4231
4227
4225
4221
4214
4213
4212
4211
4208
4207
4203
4201
4200
4195
4194
4186
4183
4179
4178
4177
4171
4166
4165
4164
4163
4159
4158
4157
4155
4154
4153
4152
4151
4150
4145
4144
4143
4141
4139
4137
4133
4129
4128
4127
4124
4122
4121
4119
4117
4116
4112
4111
4107
4106
4103
4100
4099
4098
4094
4092
4085
4084
4083
4079
4076
4075
4073
4069
4063
4062
4057
4056
4053
4052
4048
4047
4045
4039
4037
4031
4030
4027
4025
4024
4017
4013
4012
4009
4004
4003
3996
3995
3993
3990
3988
3986
3982
3979
3978
3977
3972
3971
3969
3968
3967
3962
3960
3958
3955
3954
3953
3948
3945
3944
3943
3942
3939
3935
3933
3930
3922
3921
3919
3910
3903
3898
3897
3892
3890
3889
3887
3883
3882
3881
3880
3878
3874
3872
3870
3869
3863
3861
3858
3857
3855
3854
3853
3851
3850
3849
3846
3845
3844
3840
3833
3832
3831
3830
3829
3828
3822
3816
3812
3810
3809
3808
3807
3806
3805
3798
3794
3791
3789
3788
3786
3781
3776
3774
3773
3770
3769
3768
3767
3761
3758
3757
3753
3752
3748
3745
3742
3741
3740
3738
3737
3734
3733
3732
3728
3724
3723
3720
3719
3718
3717
3715
3709
3708
3706
3703
3702
3701
3698
3693
3690
3687
3685
3684
3681
3680
3675
3674
3673
3672
3671
3669
3667
3666
3665
3661
3660
3658
3657
3654
3648
3646
3636
3634
3633
3628
3625
3619
3618
3615
3612
3610
3608
3605
3602
3601
3600
3598
3596
3592
3591
3588
3584
3583
3582
3580
3579
3577
3576
3568
3564
3562
3561
3559
3557
3548
3547
3546
3541
3539
3536
3534
3532
3529
3527
3525
3522
3517
3515
3514
3512
3507
3504
3503
3501
3497
3493
3492
3491
3490
3486
3484
3480
3479
3478
3476
3475
3469
3465
3464
3463
3461
3457
3455
3452
3450
3446
3444
3442
3438
3437
3426
3424
3423
3420
3417
3416
3415
3408
3402
3400
3397
3392
3390
3386
3381
3379
3373
3372
3368
3366
3365
3364
3357
3355
3350
3348
3347
3346
3336
3334
3327
3322
3321
3312
3311
3307
3302
3301
3299
3295
3291
3289
3288
3286
3285
3284
3280
3279
3276
3274
3272
3265
3263
3262
3259
3253
3251
3250
3248
3246
3243
3242
3241
3238
3237
3231
3230
3228
3226
3219
3214
3205
3203
3202
3199
3198
3197
3194
3193
3190
3185
3183
3182
3179
3177
3176
3172
3169
3167
3164
3163
3161
3159
3158
3157
3156
3153
3152
3150
3149
3147
3145
3144
3141
3137
3133
3130
3129
3118
3117
3112
3107
3105
3103
3100
3099
3098
3094
3088
3083
3080
3078
3077
3076
3070
3069
3061
3059
3057
3056
3051
3048
3044
3043
3039
3037
3036
3030
3028
3027
3018
3012
3009
3008
3007
2999
2997
2996
2986
2984
2982
2979
2976
2974
2971
2965
2963
2962
2961
2960
2958
2949
2947
2945
2944
2943
2934
2932
2931
2927
2925
2924
2922
2921
2916
2915
2912
2908
2907
2906
2902
2899
2897
2894
2892
2890
2886
2879
2875
2873
2870
2869
2865
2857
2853
2851
2850
2848
2845
2843
2842
2838
2832
2831
2830
2829
2828
2826
2825
2822
2818
2817
2816
2807
2804
2803
2798
2787
2784
2781
2770
2769
2766
2765
2764
2757
2755
2753
2746
2744
2742
2741
2739
2736
2733
2731
2730
2726
2723
2721
2719
2716
2711
2710
2709
2708
2707
2705
2700
2699
2697
2695
2691
2687
2679
2678
2674
2673
2670
2669
2666
2662
2659
2658
2655
2653
2652
2647
2645
2644
2642
2640
2638
2637
2636
2635
2632
2631
2629
2628
2622
2613
2611
2609
2607
2606
2603
2601
2593
2592
2589
2587
2584
2580
2579
2577
2572
2570
2569
2567
2563
2561
2558
2557
2556
2555
2554
2547
2546
2541
2538
2536
2534
2533
2532
2530
2529
2526
2520
2516
2515
2505
2504
2502
2500
2496
2494
2492
2489
2488
2485
2481
2480
2478
2476
2475
2471
2470
2469
2468
2466
2465
2464
2461
2460
2458
2456
2454
2453
2452
2447
2446
2445
2441
2440
2437
2436
2435
2432
2424
2422
2421
2404
2403
2400
2399
2396
2394
2391
2384
2381
2380
2377
2370
2369
2367
2366
2363
2358
2354
2351
2350
2347
2341
2339
2338
2336
2331
2329
2326
2325
2323
2320
2318
2317
2315
2312
2311
2307
2306
2302
2298
2289
2287
2279
2277
2274
2271
2270
2268
2264
2263
2262
2258
2257
2256
2250
2249
2248
2246
2244
2243
2242
2240
2236
2235
2233
2232
2231
2230
2228
2226
2211
2209
2205
2204
2202
2200
2199
2198
2197
2195
2194
2190
2188
2187
2186
2185
2181
2178
2177
2176
2171
2168
2167
2162
2161
2158
2156
2149
2146
2142
2141
2139
2138
2136
2135
2133
2132
2131
2130
2127
2121
2118
2116
2115
2114
2111
2109
2107
2104
2102
2098
2097
2095
2093
2090
2089
2087
2078
2076
2071
2070
2067
2060
2055
2054
2052
2044
2043
2042
2041
2037
2033
2032
2027
2026
2025
2024
2023
2020
2017
2009
2008
2006
2005
2004
1998
1995
1992
1991
1988
1985
1984
1980
1979
1977
1976
1974
1969
1966
1964
1959
1957
1954
1950
1945
1943
1941
1939
1937
1930
1929
1928
1926
1925
1923
1920
1917
1915
1913
1912
1910
1908
1905
1900
1899
1890
1888
1883
1882
1880
1877
1873
1870
1866
1865
1860
1859
1856
1855
1853
1852
1849
1847
1844
1843
1842
1840
1839
1838
1835
1832
1827
1825
1824
1822
1821
1819
1813
1812
1809
1805
1803
1802
1801
1800
1798
1795
1789
1788
1786
1784
1777
1773
1772
1767
1762
1761
1760
1754
1751
1750
1749
1748
1747
1746
1742
1738
1736
1735
1734
1728
1725
1723
1717
1716
1715
1709
1706
1704
1701
1699
1698
1695
1691
1690
1688
1682
1678
1676
1672
1668
1666
1663
1660
1658
1657
1656
1654
1653
1637
1630
1629
1624
1623
1621
1619
1618
1614
1611
1610
1603
1602
1599
1598
1595
1593
1591
1590
1586
1583
1580
1576
1575
1573
1572
1570
1567
1564
1563
1561
1560
1559
1555
1554
1550
1541
1540
1539
1532
1531
1529
1526
1525
1524
1523
1521
1515
1512
1510
1505
1503
1497
1493
1491
1490
1483
1475
1474
1472
1470
1469
1467
1463
1461
1457
1456
1453
1452
1451
1448
1447
1446
1444
1439
1437
1432
1424
1421
1419
1414
1406
1399
1390
1388
1384
1381
1380
1375
1372
1367
1364
1363
1360
1359
1358
1355
1354
1353
1349
1348
1344
1339
1337
1336
1334
1331
1327
1325
1324
1322
1320
1319
1317
1316
1314
1313
1310
1302
1299
1298
1295
1294
1293
1292
1291
1290
1285
1283
1278
1277
1275
1273
1270
1269
1265
1264
1260
1256
1254
1250
1245
1243
1238
1236
1231
1229
1227
1222
1219
1218
1217
1215
1211
1207
1206
1201
1200
1193
1191
1186
1183
1178
1177
1176
1175
1172
1171
1168
1167
1159
1157
1155
1152
1149
1145
1143
1142
1139
1138
1136
1134
1133
1132
1130
1128
1127
1125
1123
1121
1120
1115
1114
1112
1111
1106
1101
1099
1098
1097
1093
1092
1088
1080
1077
1075
1073
1070
1069
1064
1061
1060
1059
1054
1052
1050
1047
1042
1039
1037
1032
1030
1028
1027
1026
1024
1021
1020
1019
1018
1017
1016
1013
1010
1009
1008
1007
1006
1004
1003
1001
998
997
995
994
991
990
987
986
983
981
977
973
972
971
970
966
962
961
959
957
956
955
951
949
948
943
933
931
927
920
918
911
910
907
905
899
892
887
886
885
883
879
876
875
873
872
869
856
853
851
847
844
842
841
832
830
829
828
819
818
816
813
810
809
806
797
793
791
786
784
782
781
777
776
773
769
764
759
757
754
753
750
748
746
739
737
734
731
728
723
721
710
706
705
703
701
700
699
696
695
694
693
692
688
685
684
680
675
673
670
669
668
667
666
662
661
660
656
655
652
649
648
647
645
642
641
640
634
633
628
627
624
623
621
617
616
614
613
612
606
603
601
597
591
588
585
578
576
574
571
568
567
563
561
555
551
550
546
545
544
542
538
537
535
534
533
530
524
522
518
517
515
511
510
509
507
503
497
491
490
487
486
481
480
479
478
477
475
474
473
471
468
465
455
454
453
450
448
445
443
442
436
433
428
426
425
416
407
406
404
403
399
398
395
394
393
388
387
386
385
381
372
371
365
364
360
356
350
348
347
346
345
344
335
334
331
330
328
324
323
319
318
314
311
304
301
297
292
288
282
280
278
276
267
266
265
263
261
260
259
255
254
253
243
236
234
233
232
230
226
225
218
217
215
213
208
207
206
200
198
195
183
180
179
178
173
172
171
170
166
164
160
159
158
157
156
152
147
145
143
142
138
137
131
126
122
119
117
116
113
111
108
106
91
88
87
84
83
81
79
77
74
72
71
68
65
64
61
60
55
53
51
48
46
43
41
40
36
28
27
15
13
10
8
6
5
4
2
Case 7: 4342
Topo: 2773
2773
2772
2769
2767
2766
2765
2763
2759
2755
2754
2753
2752
2751
2746
2744
2743
2737
2735
2731
2728
2724
2723
2722
2719
2717
2716
2714
2713
2712
2708
2704
2700
2695
2689
2686
2685
2683
2680
2679
2676
2674
2673
2668
2665
2664
2663
2660
2655
2654
2651
2647
2644
2637
2633
2625
2622
2621
2620
2615
2608
2606
2601
2600
2599
2598
2593
2591
2590
2588
2587
2584
2582
2577
2574
2572
2569
2567
2563
2556
2549
2545
2543
2538
2536
2531
2530
2524
2520
2517
2511
2501
2499
2498
2497
2495
2494
2492
2490
2486
2484
2481
2480
2479
2478
2475
2472
2470
2468
2467
2466
2465
2464
2463
2461
2456
2449
2446
2444
2443
2441
2439
2437
2436
2435
2430
2429
2427
2419
2416
2414
2410
2408
2404
2399
2394
2387
2386
2385
2383
2380
2379
2376
2375
2373
2372
2371
2370
2366
2362
2360
2358
2356
2354
2353
2352
2347
2344
2343
2342
2341
2340
2338
2333
2329
2326
2325
2321
2320
2315
2312
2310
2308
2305
2304
2303
2300
2295
2292
2290
2286
2281
2276
2275
2274
2273
2269
2266
2260
2254
2252
2248
2245
2243
2242
2239
2238
2237
2224
2222
2220
2219
2216
2214
2211
2205
2201
2197
2194
2189
2185
2182
2167
2166
2164
2163
2162
2160
2158
2156
2153
2152
2146
2145
2144
2141
2134
2133
2131
2124
2123
2122
2119
2114
2110
2109
2108
2107
2104
2103
2102
2096
2095
2092
2090
2088
2087
2081
2080
2079
2076
2072
2071
2069
2068
2067
2066
2064
2063
2062
2059
2058
2050
2049
2045
2044
2039
2037
2035
2034
2032
2031
2029
2024
2020
2014
2011
2010
2008
2007
2006
2004
2000
1997
1995
1993
1992
1989
1988
1986
1983
1978
1977
1976
1975
1974
1970
1968
1966
1964
1963
1959
1958
1957
1953
1950
1946
1939
1937
1935
1934
1933
1930
1928
1924
1923
1922
1917
1915
1914
1903
1899
1892
1891
1890
1889
1888
1887
1883
1879
1878
1877
1876
1873
1871
1868
1867
1866
1865
1864
1863
1862
1861
1860
1859
1856
1849
1847
1844
1841
1838
1832
1831
1830
1826
1823
1820
1816
1806
1805
1804
1799
1796
1795
1794
1792
1791
1788
1785
1781
1778
1775
1772
1769
1768
1764
1763
1762
1761
1759
1756
1755
1752
1751
1750
1749
1748
1747
1746
1743
1742
1727
1723
1717
1714
1712
1703
1701
1699
1695
1694
1693
1691
1689
1686
1685
1682
1675
1667
1664
1660
1659
1655
1654
1652
1650
1649
1643
1639
1636
1634
1633
1627
1623
1621
1611
1605
1602
1600
1598
1593
1591
1590
1587
1585
1579
1577
1576
1575
1570
1569
1568
1567
1563
1549
1548
1545
1541
1540
1536
1534
1532
1531
1529
1528
1525
1522
1521
1515
1514
1509
1508
1502
1501
1500
1496
1494
1493
1491
1489
1486
1485
1483
1478
1476
1473
1471
1470
1467
1465
1462
1460
1459
1458
1457
1453
1452
1448
1444
1436
1431
1429
1424
1419
1414
1413
1411
1410
1408
1406
1405
1404
1403
1400
1398
1397
1394
1391
1386
1385
1376
1373
1369
1367
1366
1365
1364
1363
1360
1358
1357
1356
1351
1349
1348
1346
1343
1342
1338
1337
1336
1335
1333
1331
1330
1329
1328
1326
1324
1320
1315
1313
1311
1306
1304
1299
1298
1297
1294
1292
1291
1290
1287
1280
1277
1269
1257
1256
1250
1249
1248
1247
1246
1240
1238
1232
1228
1227
1223
1220
1218
1216
1212
1211
1209
1205
1204
1203
1202
1199
1198
1197
1195
1192
1189
1188
1187
1186
1185
1184
1182
1178
1177
1176
1175
1174
1173
1171
1170
1165
1164
1160
1159
1154
1153
1144
1142
1138
1137
1130
1126
1125
1123
1122
1121
1115
1114
1112
1104
1102
1101
1100
1096
1094
1093
1091
1089
1084
1079
1071
1070
1068
1064
1063
1054
1050
1049
1046
1044
1043
1041
1040
1035
1034
1031
1027
1025
1022
1021
1019
1017
1016
1015
1008
1006
1005
1003
1001
999
991
988
985
983
977
975
974
973
972
971
970
969
967
966
963
959
957
954
953
950
947
945
940
939
932
930
922
920
919
914
913
911
910
905
902
894
883
880
878
874
872
868
865
864
861
859
858
857
855
853
852
848
847
846
845
842
840
833
825
824
823
822
821
811
803
797
796
795
792
790
789
784
783
781
777
773
772
771
768
761
759
757
755
754
753
750
749
748
747
744
738
737
734
731
729
728
727
726
724
718
717
715
711
710
708
704
703
702
699
694
692
688
687
685
684
682
680
679
675
673
671
670
668
667
665
664
645
644
643
639
638
636
633
632
627
623
622
621
618
617
613
609
604
603
600
598
597
596
590
589
588
585
582
571
565
564
554
552
551
549
547
545
543
539
537
536
535
534
533
532
530
529
526
524
520
514
512
511
507
504
502
501
498
492
490
487
482
481
478
477
475
474
470
469
468
467
461
457
455
445
443
442
441
435
434
432
428
419
416
415
414
409
408
406
405
403
402
400
397
395
394
393
392
390
389
386
384
383
379
377
376
374
371
370
365
361
360
354
352
349
348
347
341
340
338
336
332
326
325
322
318
315
314
309
307
305
301
296
291
290
289
286
285
284
280
278
273
270
266
261
259
255
253
251
250
249
245
243
240
235
223
222
221
217
216
211
209
208
207
206
204
202
201
196
193
186
185
184
182
181
178
169
168
161
159
153
152
151
150
149
148
145
144
142
139
135
134
131
130
127
125
120
112
109
106
102
101
99
96
92
89
88
86
83
80
74
72
60
57
56
55
54
49
45
43
39
38
37
34
33
32
29
28
24
23
20
18
16
15
14
13
9
8
2
Case 8: 2773
Topo: 649
649
647
644
637
635
633
627
619
613
611
609
605
603
602
595
593
590
589
588
587
585
582
579
576
574
573
569
565
560
559
555
554
550
548
546
543
539
538
537
536
533
527
526
522
519
514
512
511
508
507
506
505
503
499
497
490
488
487
486
482
479
472
466
465
462
460
458
457
454
447
443
440
439
438
429
426
421
416
413
412
409
404
403
400
395
392
390
388
386
384
381
379
378
374
371
367
366
360
358
355
353
352
350
348
346
344
343
341
339
335
334
332
329
322
319
317
308
302
301
298
297
295
294
291
284
281
278
275
272
271
267
265
262
261
260
259
256
252
250
249
247
245
240
239
237
233
229
228
224
223
219
218
217
212
210
209
208
206
203
201
198
196
192
191
190
188
184
183
181
180
177
175
174
172
168
167
157
154
151
149
148
145
141
140
137
134
133
128
123
121
119
115
107
106
101
99
96
94
92
85
84
82
79
78
76
74
73
71
67
64
62
57
55
52
47
46
43
41
39
34
32
29
28
27
22
13
10
6
5
4
1
Case 9: 644
Topo: 19
19
16
15
12
9
8
7
6
2
1
Case 10: 19
Topo: 3247
3247
3246
3245
3244
3241
3236
3235
3232
3231
3230
3229
3221
3220
3215
3214
3210
3208
3207
3204
3201
3195
3188
3182
3179
3178
3176
3175
3169
3168
3167
3165
3164
3162
3159
3158
3157
3156
3152
3145
3142
3135
3133
3127
3121
3118
3117
3113
3103
3101
3100
3095
3089
3086
3082
3081
3077
3072
3067
3066
3065
3062
3059
3058
3057
3051
3047
3044
3042
3040
3038
3035
3034
3033
3032
3031
3030
3029
3028
3027
3025
3024
3022
3021
3020
3018
3016
3013
3012
3011
3009
3005
3000
2999
2997
2995
2993
2992
2991
2990
2989
2988
2986
2983
2982
2981
2979
2978
2975
2973
2966
2960
2958
2956
2954
2948
2942
2939
2938
2936
2933
2930
2929
2927
2925
2924
2913
2906
2902
2901
2900
2897
2896
2894
2892
2886
2884
2883
2882
2881
2878
2868
2864
2862
2861
2860
2858
2857
2854
2853
2846
2844
2841
2840
2837
2835
2831
2830
2825
2822
2815
2814
2812
2811
2810
2805
2798
2797
2790
2789
2788
2787
2783
2782
2781
2779
2772
2771
2770
2769
2768
2764
2763
2759
2758
2752
2750
2749
2748
2746
2744
2742
2741
2740
2732
2731
2728
2725
2724
2723
2721
2719
2716
2711
2705
2704
2702
2697
2695
2693
2690
2687
2686
2684
2683
2676
2666
2663
2662
2661
2659
2658
2657
2650
2648
2645
2644
2634
2631
2627
2622
2620
2617
2612
2610
2605
2603
2600
2599
2598
2591
2586
2584
2581
2580
2579
2578
2577
2574
2573
2565
2564
2562
2561
2556
2553
2552
2549
2548
2546
2540
2539
2537
2536
2534
2532
2531
2528
2524
2522
2521
2518
2512
2505
2504
2503
2502
2500
2498
2493
2491
2487
2486
2484
2483
2482
2481
2479
2477
2473
2471
2470
2469
2466
2465
2461
2458
2457
2456
2452
2451
2450
2448
2444
2443
2442
2441
2437
2436
2435
2434
2432
2430
2428
2427
2425
2423
2419
2418
2413
2412
2408
2407
2399
2392
2391
2388
2387
2385
2384
2383
2382
2381
2376
2375
2373
2371
2359
2358
2357
2349
2344
2341
2340
2339
2338
2337
2334
2331
2327
2325
2323
2322
2321
2319
2318
2315
2314
2313
2312
2309
2308
2306
2301
2300
2288
2284
2278
2277
2276
2274
2272
2271
2261
2260
2259
2258
2254
2252
2250
2246
2245
2244
2243
2237
2235
2230
2229
2225
2224
2223
2222
2219
2215
2200
2197
2195
2193
2187
2185
2184
2181
2179
2176
2174
2173
2171
2169
2167
2165
2159
2157
2151
2150
2148
2146
2145
2144
2143
2140
2135
2133
2130
2129
2126
2122
2116
2112
2110
2109
2107
2104
2103
2101
2098
2095
2094
2093
2092
2088
2087
2086
2085
2083
2081
2078
2068
2066
2064
2063
2058
2056
2054
2052
2049
2046
2043
2042
2039
2038
2032
2031
2030
2020
2018
2015
2011
2003
2000
1995
1993
1991
1986
1985
1981
1978
1976
1970
1967
1965
1961
1960
1959
1956
1954
1951
1946
1940
1939
1936
1934
1933
1931
1929
1925
1916
1915
1912
1911
1908
1907
1906
1900
1899
1897
1891
1890
1884
1883
1881
1880
1879
1874
1873
1867
1863
1855
1854
1853
1852
1849
1846
1844
1842
1831
1830
1829
1826
1824
1823
1817
1816
1815
1813
1808
1807
1799
1798
1795
1793
1790
1787
1785
1782
1779
1778
1773
1767
1766
1759
1754
1752
1746
1745
1744
1733
1731
1729
1726
1723
1721
1720
1715
1714
1712
1711
1708
1707
1704
1701
1694
1693
1687
1686
1682
1678
1676
1675
1674
1671
1670
1662
1661
1656
1655
1652
1649
1648
1647
1644
1643
1642
1637
1636
1634
1629
1628
1624
1621
1617
1616
1613
1612
1605
1603
1602
1598
1597
1595
1594
1590
1589
1587
1584
1583
1579
1577
1573
1570
1567
1565
1562
1556
1552
1547
1535
1534
1533
1531
1530
1527
1526
1522
1520
1519
1517
1516
1511
1510
1507
1506
1504
1500
1498
1497
1494
1491
1489
1488
1482
1481
1479
1477
1470
1468
1467
1466
1465
1461
1456
1454
1452
1449
1447
1446
1444
1442
1427
1426
1425
1424
1418
1417
1408
1406
1405
1404
1395
1393
1389
1388
1387
1386
1382
1380
1376
1373
1371
1368
1367
1363
1361
1360
1359
1356
1355
1354
1353
1350
1349
1346
1345
1344
1336
1332
1329
1328
1325
1322
1320
1319
1318
1317
1314
1313
1312
1309
1308
1306
1303
1300
1294
1293
1290
1288
1286
1285
1281
1275
1274
1270
1269
1268
1267
1258
1257
1255
1249
1248
1245
1242
1241
1240
1239
1231
1227
1225
1223
1216
1211
1210
1207
1206
1204
1203
1200
1196
1195
1193
1191
1188
1185
1184
1181
1168
1163
1162
1158
1157
1151
1148
1144
1138
1137
1133
1131
1130
1127
1126
1120
1117
1116
1115
1107
1106
1102
1100
1097
1094
1091
1090
1089
1088
1085
1080
1078
1075
1074
1069
1068
1064
1057
1056
1053
1052
1050
1048
1044
1041
1038
1036
1034
1031
1030
1028
1026
1024
1022
1020
1019
1013
1008
1007
1006
1003
1002
1001
998
995
994
993
989
987
985
984
980
979
978
977
974
972
965
963
962
957
956
955
953
951
949
948
946
943
942
941
938
934
925
924
922
919
912
908
905
902
901
897
895
885
877
876
871
864
863
856
853
851
848
845
843
842
838
835
834
829
827
822
820
818
814
811
809
802
801
799
798
794
790
788
784
782
781
779
776
774
773
772
770
769
762
761
759
758
755
748
746
745
744
743
740
736
732
731
730
729
728
717
716
715
709
708
704
702
698
696
692
691
690
688
686
685
683
680
675
672
661
660
658
652
651
650
647
643
642
636
635
633
630
628
625
624
619
614
606
604
603
602
601
597
595
592
591
587
586
585
582
581
579
573
572
571
560
556
555
553
547
545
544
543
542
538
535
534
532
526
525
523
521
519
518
516
513
512
511
510
506
503
502
501
499
497
496
495
492
491
489
478
477
476
473
472
470
465
464
463
459
452
450
446
445
442
441
435
431
427
422
421
420
417
416
414
413
412
410
409
400
399
396
389
387
386
385
384
381
376
373
371
365
364
362
361
358
355
354
351
349
347
345
342
340
336
326
324
321
320
312
311
309
308
305
304
301
298
296
293
291
290
288
286
285
282
281
279
278
277
275
271
268
267
265
264
262
260
258
257
256
253
249
245
243
242
237
233
232
230
229
227
226
224
222
215
214
213
208
206
205
203
199
198
195
188
185
184
183
176
175
169
168
160
154
153
147
146
145
144
142
133
132
131
130
125
123
117
115
104
103
102
101
99
95
93
92
90
86
77
76
73
72
64
62
61
60
56
54
52
50
44
43
42
40
36
27
25
24
23
16
14
8
7
4
3
2
Case 11: 3247
Topo: 470
470
469
466
465
464
463
462
460
459
453
452
450
448
445
441
439
436
435
429
428
425
417
414
413
409
402
400
399
397
394
393
390
383
382
377
371
368
367
366
365
364
361
360
358
354
349
348
347
346
345
340
339
332
328
326
323
316
315
314
309
307
304
303
302
294
292
278
276
273
272
270
268
264
263
259
256
255
254
253
251
249
246
245
242
237
234
230
229
228
221
219
213
210
208
207
205
204
203
198
192
188
185
181
179
176
175
173
171
166
162
159
156
155
152
148
145
143
141
133
131
129
128
127
125
122
119
117
115
113
109
107
105
97
92
91
88
87
84
83
79
76
74
71
66
65
62
60
58
57
55
53
49
41
40
38
34
28
26
21
18
13
12
10
5
Case 12: 465
Topo: 431
431
426
422
419
412
410
405
403
400
397
393
384
383
382
380
375
373
372
371
369
368
355
353
351
349
347
345
344
342
334
332
328
322
314
313
307
304
301
298
293
292
290
288
285
284
280
276
275
272
271
267
263
262
259
248
247
245
243
242
240
238
235
234
232
226
219
217
216
215
214
212
209
208
203
200
197
196
195
191
187
186
185
184
183
182
176
174
172
168
164
162
161
158
154
153
151
150
147
146
145
143
140
138
137
135
133
132
131
130
127
126
124
123
119
117
114
112
111
109
108
107
105
102
100
99
92
90
88
86
85
83
79
77
75
74
71
69
65
64
61
59
58
56
55
53
52
49
47
46
42
39
38
35
33
31
23
19
18
16
15
14
12
Case 13: 419
Topo: 705
705
704
703
701
698
697
693
687
686
682
680
678
675
674
669
664
663
662
659
658
656
651
647
646
645
643
642
641
639
636
634
631
627
625
622
617
612
611
610
607
605
597
595
592
591
590
589
587
586
584
581
579
577
574
573
567
566
564
562
560
553
548
546
541
533
532
530
528
523
522
518
512
510
508
507
504
503
501
500
495
493
488
484
482
478
474
471
466
465
463
462
460
459
454
447
445
444
442
439
435
434
433
432
430
429
423
422
419
415
411
410
408
401
398
397
395
389
388
387
381
380
379
378
376
375
369
368
363
362
353
350
347
345
343
342
341
340
339
338
337
334
333
330
325
322
319
314
312
311
310
306
305
303
301
291
290
289
287
285
279
278
276
274
273
271
268
267
264
262
261
257
256
252
251
247
246
242
241
240
236
231
228
218
215
211
203
199
197
196
192
189
185
183
182
178
173
171
170
159
155
145
144
143
140
139
137
132
128
122
121
118
117
115
114
107
106
104
101
99
98
94
93
91
89
87
86
81
77
75
74
69
67
62
61
54
52
50
44
41
32
31
30
28
27
26
25
24
23
11
10
7
1
Case 14: 705
Topo: 41
41
39
36
35
34
33
30
29
24
20
19
17
16
15
14
10
8
5
4
1
Case 15: 41
Topo: 4374
4374
4373
4372
4369
4365
4364
4360
4355
4353
4352
4350
4348
4347
4346
4341
4340
4339
4336
4334
4333
4332
4331
4329
4319
4315
4311
4309
4304
4303
4301
4298
4291
4289
4287
4283
4282
4281
4277
4275
4270
4268
4264
4262
4259
4258
4257
4256
4252
4250
4247
4241
4236
4226
4225
4224
4216
4215
4214
4212
4211
4209
4208
4204
4200
4196
4194
4189
4187
4184
4182
4179
4178
4175
4174
4173
4172
4167
4164
4161
4160
4156
4152
4150
4148
4147
4146
4141
4139
4135
4134
4121
4117
4112
4110
4107
4106
4104
4101
4099
4096
4092
4089
4087
4084
4083
4081
4080
4078
4073
4071
4069
4065
4057
4054
4053
4051
4049
4044
4042
4035
4032
4031
4030
4027
4026
4024
4023
4022
4021
4019
4016
4009
4006
4005
4002
3996
3995
3994
3992
3989
3978
3977
3976
3974
3971
3970
3965
3961
3958
3957
3952
3946
3945
3934
3931
3930
3929
3928
3925
3924
3923
3921
3917
3916
3915
3913
3912
3910
3909
3907
3905
3903
3902
3900
3899
3896
3895
3893
3892
3888
3881
3880
3879
3878
3877
3870
3865
3859
3852
3851
3849
3847
3845
3843
3841
3840
3839
3836
3835
3833
3830
3828
3827
3825
3824
3823
3820
3819
3816
3814
3813
3812
3809
3803
3802
3799
3796
3794
3793
3792
3791
3789
3785
3784
3781
3777
3776
3769
3766
3765
3764
3763
3759
3757
3756
3753
3751
3748
3747
3742
3737
3736
3735
3731
3729
3727
3726
3725
3724
3723
3722
3721
3720
3715
3706
3705
3695
3691
3689
3687
3686
3684
3683
3681
3679
3677
3676
3674
3670
3664
3663
3658
3657
3654
3653
3649
3644
3641
3639
3638
3637
3633
3628
3627
3625
3624
3616
3615
3614
3613
3612
3601
3600
3596
3594
3592
3590
3587
3585
3583
3582
3581
3580
3578
3577
3574
3570
3568
3567
3566
3565
3564
3563
3559
3557
3556
3555
3549
3546
3543
3542
3536
3534
3530
3527
3522
3521
3516
3515
3514
3513
3506
3503
3496
3494
3493
3482
3478
3474
3470
3466
3459
3458
3457
3456
3446
3444
3442
3440
3433
3431
3424
3422
3421
3420
3419
3416
3414
3413
3410
3403
3398
3397
3396
3395
3394
3393
3391
3389
3388
3387
3385
3384
3383
3379
3377
3375
3371
3370
3368
3360
3354
3353
3352
3348
3346
3344
3343
3342
3335
3334
3331
3329
3326
3325
3319
3317
3309
3307
3306
3304
3303
3301
3293
3292
3288
3287
3284
3280
3279
3277
3275
3272
3271
3269
3267
3266
3265
3260
3259
3257
3256
3254
3253
3252
3251
3250
3247
3246
3245
3240
3236
3235
3228
3227
3223
3220
3219
3218
3215
3212
3211
3210
3207
3205
3203
3201
3199
3197
3195
3191
3183
3175
3171
3170
3163
3159
3158
3156
3155
3154
3153
3148
3145
3144
3141
3139
3135
3132
3131
3130
3129
3126
3125
3121
3116
3115
3113
3112
3105
3104
3103
3100
3097
3095
3094
3092
3089
3084
3083
3080
3076
3075
3074
3073
3060
3047
3044
3043
3041
3040
3038
3035
3030
3027
3025
3021
3020
3017
3014
3013
3010
3008
3005
3001
2999
2998
2997
2996
2995
2993
2990
2988
2987
2986
2976
2970
2969
2965
2964
2963
2955
2951
2950
2948
2945
2941
2930
2929
2924
2917
2916
2913
2909
2905
2903
2901
2900
2897
2893
2891
2890
2889
2884
2882
2881
2880
2879
2877
2876
2871
2870
2864
2862
2856
2854
2852
2851
2847
2845
2844
2842
2841
2840
2839
2837
2836
2835
2832
2831
2823
2821
2819
2818
2817
2816
2815
2802
2797
2795
2794
2793
2791
2789
2788
2786
2785
2783
2781
2780
2777
2776
2772
2770
2769
2763
2762
2759
2758
2754
2753
2749
2744
2742
2738
2737
2734
2729
2727
2720
2719
2718
2714
2710
2703
2702
2700
2695
2693
2691
2690
2679
2678
2677
2669
2668
2660
2656
2655
2653
2649
2646
2643
2642
2641
2637
2635
2634
2633
2626
2625
2624
2620
2618
2613
2611
2608
2605
2603
2601
2600
2599
2597
2596
2595
2594
2593
2591
2584
2577
2576
2562
2561
2560
2556
2553
2549
2544
2540
2539
2535
2532
2529
2527
2525
2522
2520
2519
2516
2514
2512
2511
2510
2509
2508
2504
2500
2499
2498
2494
2493
2491
2482
2476
2474
2465
2463
2461
2460
2456
2453
2448
2442
2440
2439
2436
2431
2430
2428
2421
2419
2416
2415
2413
2402
2401
2398
2397
2392
2390
2388
2387
2381
2380
2378
2377
2370
2368
2365
2362
2361
2360
2358
2357
2354
2350
2347
2346
2341
2337
2336
2334
2333
2332
2331
2327
2326
2323
2322
2321
2319
2316
2310
2309
2306
2304
2301
2291
2288
2287
2282
2276
2272
2265
2259
2253
2251
2248
2246
2245
2243
2242
2241
2233
2231
2230
2228
2224
2223
2221
2219
2214
2210
2209
2204
2184
2183
2174
2169
2164
2163
2161
2158
2157
2156
2155
2154
2152
2150
2148
2144
2140
2139
2138
2137
2134
2133
2129
2128
2126
2125
2122
2121
2115
2114
2113
2112
2109
2107
2106
2102
2100
2099
2093
2090
2086
2083
2078
2074
2072
2070
2066
2065
2062
2061
2057
2053
2051
2047
2046
2043
2039
2033
2031
2030
2028
2023
2020
2019
2018
2015
2012
2007
2005
2002
2001
2000
1999
1994
1992
1991
1990
1989
1988
1984
1983
1980
1978
1977
1974
1970
1969
1968
1966
1959
1958
1957
1953
1949
1946
1945
1943
1942
1938
1937
1936
1934
1932
1930
1929
1928
1925
1920
1918
1917
1911
1908
1907
1906
1904
1903
1899
1888
1887
1886
1885
1884
1883
1879
1876
1872
1869
1868
1865
1863
1862
1860
1857
1856
1854
1851
1849
1845
1843
1842
1840
1839
1838
1835
1833
1831
1830
1828
1826
1822
1821
1816
1815
1810
1802
1801
1800
1794
1792
1790
1784
1783
1782
1778
1777
1776
1775
1773
1761
1758
1755
1750
1749
1742
1737
1736
1731
1730
1729
1727
1723
1719
1716
1712
1711
1708
1705
1703
1702
1699
1698
1696
1695
1690
1689
1686
1683
1681
1677
1674
1671
1670
1669
1668
1667
1666
1664
1663
1662
1656
1653
1651
1649
1647
1646
1644
1643
1642
1640
1639
1637
1633
1631
1627
1622
1616
1613
1612
1609
1608
1607
1605
1604
1601
1598
1592
1588
1587
1586
1584
1580
1579
1574
1573
1571
1570
1568
1566
1564
1563
1558
1557
1556
1555
1554
1553
1552
1543
1530
1524
1516
1510
1502
1495
1494
1491
1490
1487
1483
1475
1474
1469
1465
1461
1449
1445
1444
1442
1437
1432
1430
1429
1427
1426
1422
1420
1415
1414
1413
1412
1411
1404
1403
1401
1398
1397
1394
1393
1392
1391
1390
1387
1383
1381
1379
1378
1377
1375
1374
1373
1371
1367
1366
1365
1364
1363
1360
1359
1358
1354
1352
1351
1348
1347
1346
1345
1344
1341
1340
1337
1328
1327
1326
1324
1322
1314
1312
1309
1305
1297
1296
1292
1291
1290
1289
1284
1282
1279
1277
1276
1274
1273
1271
1267
1264
1260
1254
1250
1249
1247
1242
1241
1240
1238
1237
1230
1228
1224
1223
1219
1213
1212
1209
1207
1205
1204
1200
1188
1187
1186
1183
1179
1178
1177
1173
1169
1168
1166
1162
1161
1160
1158
1157
1155
1151
1149
1147
1143
1140
1138
1136
1134
1133
1125
1124
1119
1118
1116
1109
1106
1102
1094
1092
1088
1085
1084
1083
1082
1079
1074
1071
1070
1067
1066
1061
1059
1057
1056
1055
1054
1053
1049
1044
1037
1030
1029
1028
1027
1024
1022
1020
1014
1007
1005
1003
999
996
994
993
991
988
982
976
974
973
971
968
967
965
964
963
958
957
955
954
953
946
945
943
941
940
939
926
924
922
920
919
902
897
895
886
884
880
876
875
873
868
866
864
859
858
857
856
855
853
852
851
850
848
847
846
845
844
835
832
831
822
820
819
818
816
814
813
812
811
806
801
797
787
782
781
780
779
776
774
769
767
766
763
762
760
755
753
749
737
735
734
731
729
724
723
722
714
712
710
707
706
704
699
698
689
686
685
684
683
681
677
670
669
667
666
659
656
655
654
653
650
647
646
639
635
634
619
617
615
614
611
609
606
600
595
591
584
578
576
575
572
570
564
561
559
556
554
553
551
550
547
545
538
537
536
534
533
531
530
528
526
524
523
522
516
512
507
506
505
497
491
490
479
477
475
470
469
468
464
463
460
459
458
454
453
446
443
437
436
432
428
427
420
416
410
402
400
398
395
389
388
383
378
376
374
372
367
365
364
360
359
358
357
355
353
347
345
343
342
341
338
336
332
331
330
329
327
325
324
317
315
313
312
310
305
304
302
299
298
297
296
293
292
285
284
283
282
281
279
277
275
274
268
267
264
263
262
261
255
253
251
243
239
235
232
230
223
220
219
218
217
211
209
204
202
201
200
198
197
196
195
194
186
183
174
173
171
168
167
166
164
161
160
154
153
152
143
141
138
137
136
135
129
128
126
125
117
116
114
110
108
101
100
99
98
97
95
94
89
86
85
84
83
81
80
78
77
74
73
71
66
65
63
62
61
60
59
58
55
49
48
47
46
45
43
41
39
38
34
30
26
22
12
11
10
9
8
6
Case 16: 4373
Topo: 411
411
410
400
397
395
390
388
387
386
384
381
379
378
377
374
372
366
365
361
358
353
350
346
342
335
333
332
330
329
327
321
319
318
316
313
308
306
304
302
300
299
292
290
284
283
282
280
276
275
270
268
267
266
261
260
256
255
252
249
247
239
236
235
234
233
232
231
229
228
227
225
223
222
220
219
218
217
216
215
214
211
210
209
202
201
200
198
197
196
195
194
189
183
179
176
170
168
167
165
148
146
144
143
142
137
132
131
130
126
122
119
118
116
114
113
112
111
110
108
107
106
103
102
97
87
86
85
79
76
72
65
64
61
59
54
51
44
41
38
33
30
29
27
25
21
19
18
17
14
12
8
2
Case 17: 411
Topo: 2106
2106
2100
2099
2095
2094
2090
2089
2088
2084
2079
2078
2077
2076
2073
2070
2069
2068
2064
2063
2062
2060
2057
2056
2052
2048
2043
2041
2038
2036
2035
2033
2030
2027
2025
2023
2021
2020
2019
2016
2014
2013
2012
2009
2007
2006
2004
2002
2001
2000
1999
1998
1997
1996
1995
1993
1992
1991
1990
1988
1984
1981
1975
1974
1969
1968
1967
1966
1963
1961
1959
1948
1947
1939
1938
1932
1931
1930
1929
1928
1917
1916
1913
1908
1907
1905
1903
1901
1899
1897
1895
1892
1891
1887
1884
1879
1877
1875
1871
1870
1866
1864
1863
1859
1858
1855
1852
1850
1849
1847
1843
1840
1838
1830
1826
1824
1822
1821
1818
1810
1807
1805
1800
1797
1793
1791
1790
1788
1785
1782
1779
1778
1777
1772
1769
1764
1762
1759
1755
1754
1753
1752
1751
1750
1748
1745
1742
1741
1736
1735
1730
1729
1728
1719
1717
1715
1709
1705
1704
1702
1700
1694
1686
1681
1678
1676
1675
1669
1666
1661
1652
1647
1646
1644
1638
1633
1632
1624
1622
1617
1615
1613
1612
1610
1608
1607
1606
1603
1602
1601
1597
1595
1594
1590
1586
1585
1578
1576
1572
1571
1567
1563
1557
1554
1553
1552
1550
1542
1539
1538
1537
1533
1526
1519
1516
1513
1512
1511
1508
1506
1501
1499
1498
1497
1495
1494
1490
1486
1484
1481
1480
1479
1475
1473
1471
1470
1469
1467
1463
1456
1453
1451
1450
1449
1447
1442
1441
1431
1429
1427
1426
1425
1424
1420
1418
1416
1415
1413
1411
1410
1409
1407
1402
1400
1393
1392
1390
1389
1385
1383
1379
1373
1372
1366
1363
1361
1360
1357
1356
1352
1348
1347
1346
1344
1342
1340
1339
1338
1337
1332
1328
1327
1326
1324
1322
1319
1315
1313
1310
1307
1300
1299
1298
1297
1296
1293
1291
1290
1289
1285
1283
1280
1277
1276
1274
1269
1268
1256
1255
1254
1252
1251
1250
1247
1244
1243
1242
1240
1238
1224
1219
1218
1213
1210
1209
1207
1204
1202
1200
1198
1195
1193
1192
1190
1189
1185
1184
1183
1181
1179
1177
1175
1174
1172
1171
1170
1165
1162
1161
1159
1156
1155
1153
1150
1147
1146
1145
1141
1138
1133
1132
1128
1126
1125
1122
1120
1117
1115
1110
1103
1102
1099
1097
1093
1091
1089
1088
1086
1080
1078
1075
1072
1071
1066
1060
1059
1058
1051
1049
1047
1041
1039
1036
1033
1031
1030
1024
1022
1019
1015
1009
1008
1006
1001
998
991
989
983
980
975
974
968
964
963
959
955
952
950
949
948
946
944
943
940
936
935
931
930
920
916
910
904
903
901
896
895
894
890
888
884
883
881
873
872
871
865
859
856
855
853
850
843
835
831
827
822
821
818
817
815
813
806
805
804
803
800
798
796
795
789
786
785
783
778
777
772
769
765
763
762
761
760
759
757
756
752
751
750
748
745
742
734
733
730
728
724
720
719
716
713
711
706
705
699
694
692
690
687
684
683
681
673
672
671
670
669
668
667
665
664
662
656
654
650
647
643
639
638
635
634
631
628
627
623
622
618
612
610
608
607
605
600
599
597
596
594
593
592
591
588
583
578
577
576
572
568
567
562
561
560
559
557
556
553
552
550
547
546
545
543
540
535
534
532
531
530
528
527
526
525
523
521
520
517
513
512
509
508
506
505
501
497
494
493
492
491
486
485
478
474
465
464
463
460
458
454
451
445
443
441
440
439
435
428
427
422
421
419
414
409
407
404
403
399
397
393
392
387
384
379
378
376
374
371
369
367
365
362
360
359
357
354
349
346
344
340
337
334
333
332
330
329
325
323
322
321
316
315
313
304
301
299
296
294
293
289
288
287
281
280
279
278
276
273
271
269
268
264
262
261
260
258
254
251
245
244
242
234
232
231
229
222
221
218
217
216
215
214
211
210
209
208
204
200
199
196
189
188
184
182
179
178
175
172
167
166
165
164
163
155
151
147
145
142
141
140
136
135
133
131
130
127
124
123
120
119
118
117
114
111
110
109
106
104
100
98
94
93
91
85
81
79
77
68
66
64
63
61
60
55
54
53
52
51
50
49
45
42
38
36
34
33
32
28
24
21
17
15
13
10
6
5
3
2
Case 18: 2095
Topo: 4595
4595
4590
4587
4584
4583
4581
4578
4577
4576
4569
4568
4567
4566
4565
4564
4561
4556
4555
4554
4553
4548
4546
4545
4544
4542
4541
4539
4535
4533
4532
4531
4530
4529
4528
4526
4524
4521
4517
4516
4514
4513
4505
4504
4502
4496
4494
4493
4492
4484
4481
4480
4475
4473
4471
4469
4465
4464
4460
4452
4451
4449
4448
4444
4443
4441
4439
4434
4429
4425
4421
4420
4413
4408
4407
4406
4405
4404
4401
4399
4395
4393
4391
4387
4386
4385
4384
4383
4382
4379
4378
4377
4376
4375
4370
4369
4368
4367
4365
4360
4355
4352
4341
4340
4339
4337
4333
4332
4326
4325
4322
4320
4317
4310
4306
4305
4304
4300
4299
4298
4297
4296
4294
4290
4279
4268
4267
4262
4258
4253
4252
4250
4244
4243
4241
4240
4238
4233
4231
4228
4227
4224
4219
4218
4216
4215
4212
4211
4210
4209
4206
4205
4203
4202
4201
4200
4198
4192
4191
4190
4188
4183
4181
4178
4176
4175
4173
4171
4170
4169
4166
4165
4163
4162
4160
4157
4153
4151
4149
4148
4147
4145
4144
4142
4139
4137
4136
4135
4133
4132
4129
4124
4122
4121
4120
4115
4113
4110
4107
4103
4098
4097
4094
4093
4089
4088
4085
4084
4082
4080
4079
4078
4076
4074
4072
4071
4066
4064
4061
4056
4055
4050
4048
4046
4045
4043
4042
4034
4031
4029
4026
4019
4017
4012
4011
4008
4007
3999
3997
3995
3989
3988
3987
3986
3985
3982
3981
3979
3977
3976
3970
3968
3967
3962
3961
3960
3959
3955
3953
3948
3945
3939
3937
3931
3930
3928
3923
3922
3921
3917
3915
3911
3906
3903
3902
3896
3892
3888
3885
3881
3880
3875
3874
3873
3871
3869
3868
3866
3861
3860
3858
3857
3855
3852
3849
3847
3846
3845
3841
3838
3836
3834
3828
3814
3813
3810
3808
3807
3806
3803
3799
3798
3796
3793
3785
3774
3771
3770
3767
3760
3754
3750
3749
3746
3745
3743
3739
3736
3735
3731
3729
3726
3725
3724
3723
3721
3720
3712
3711
3709
3707
3706
3701
3687
3685
3680
3677
3676
3675
3670
3669
3668
3667
3666
3657
3652
3651
3648
3646
3645
3639
3637
3635
3631
3629
3627
3625
3624
3618
3616
3614
3613
3611
3609
3608
3607
3606
3602
3600
3598
3593
3590
3588
3587
3586
3580
3576
3575
3574
3573
3572
3567
3565
3564
3562
3560
3559
3558
3555
3553
3551
3550
3549
3548
3547
3544
3540
3539
3537
3536
3534
3533
3532
3530
3529
3527
3524
3522
3519
3518
3514
3512
3509
3508
3506
3505
3496
3495
3494
3492
3487
3486
3479
3476
3467
3466
3463
3461
3460
3459
3457
3456
3450
3447
3445
3444
3443
3441
3439
3438
3436
3432
3431
3430
3425
3424
3423
3421
3417
3414
3404
3403
3400
3392
3390
3389
3388
3387
3385
3381
3378
3366
3365
3362
3361
3360
3359
3358
3355
3349
3348
3346
3344
3342
3334
3329
3327
3325
3322
3318
3317
3315
3312
3310
3309
3301
3300
3296
3293
3290
3289
3288
3284
3283
3282
3281
3278
3273
3272
3271
3267
3264
3258
3257
3256
3255
3253
3246
3244
3241
3233
3232
3231
3227
3225
3216
3213
3208
3201
3197
3196
3195
3193
3189
3187
3186
3183
3181
3179
3178
3176
3175
3168
3167
3165
3163
3160
3155
3150
3144
3142
3140
3139
3135
3134
3130
3127
3126
3123
3118
3116
3113
3112
3111
3110
3107
3106
3105
3103
3101
3098
3096
3092
3088
3085
3083
3080
3076
3075
3072
3071
3070
3067
3061
3060
3058
3056
3055
3050
3049
3048
3047
3045
3042
3040
3038
3036
3033
3032
3021
3020
3018
3011
3010
3009
3003
3001
2997
2996
2994
2993
2992
2991
2987
2980
2979
2977
2976
2974
2972
2971
2966
2965
2964
2961
2960
2958
2956
2955
2953
2952
2951
2948
2941
2939
2938
2937
2936
2934
2932
2931
2928
2923
2922
2917
2914
2913
2912
2911
2908
2907
2905
2904
2903
2898
2892
2888
2886
2884
2882
2879
2878
2870
2869
2865
2863
2861
2857
2855
2852
2848
2841
2836
2833
2832
2831
2823
2820
2819
2815
2814
2812
2811
2810
2809
2808
2806
2798
2793
2792
2791
2789
2788
2785
2782
2780
2778
2773
2772
2770
2769
2768
2761
2757
2754
2752
2750
2749
2748
2747
2746
2740
2739
2736
2732
2731
2730
2729
2727
2726
2725
2722
2721
2718
2715
2714
2712
2709
2708
2704
2702
2700
2696
2694
2693
2692
2689
2687
2685
2684
2682
2681
2679
2675
2672
2662
2660
2655
2649
2648
2645
2642
2640
2638
2636
2633
2631
2629
2625
2624
2622
2617
2616
2611
2606
2605
2604
2603
2601
2600
2599
2597
2595
2594
2591
2590
2582
2579
2578
2574
2566
2565
2562
2561
2557
2556
2555
2548
2545
2544
2540
2539
2528
2520
2519
2509
2506
2504
2500
2494
2492
2490
2489
2488
2485
2484
2483
2481
2477
2473
2471
2466
2464
2461
2457
2455
2453
2451
2449
2443
2441
2440
2439
2436
2428
2421
2419
2412
2411
2410
2407
2406
2393
2392
2391
2390
2388
2384
2383
2379
2376
2374
2373
2372
2371
2364
2361
2356
2355
2354
2349
2346
2345
2341
2340
2339
2335
2330
2326
2321
2316
2312
2310
2307
2300
2296
2295
2293
2288
2282
2281
2280
2278
2277
2274
2268
2266
2265
2264
2263
2262
2259
2257
2255
2249
2247
2244
2241
2238
2228
2226
2224
2222
2221
2220
2215
2213
2212
2206
2203
2200
2198
2196
2194
2193
2192
2188
2187
2185
2177
2173
2172
2171
2168
2162
2153
2151
2150
2148
2147
2143
2141
2138
2137
2134
2131
2124
2121
2120
2116
2106
2105
2102
2098
2097
2095
2091
2086
2084
2080
2073
2071
2070
2067
2066
2064
2062
2056
2051
2048
2045
2043
2037
2035
2033
2032
2029
2025
2022
2021
2016
2014
2011
2010
2006
2005
2004
2003
2002
1999
1998
1997
1995
1991
1988
1987
1985
1983
1981
1978
1977
1974
1971
1968
1967
1966
1964
1960
1958
1956
1954
1952
1949
1948
1944
1938
1934
1933
1928
1926
1925
1922
1919
1918
1913
1910
1908
1907
1903
1901
1899
1898
1897
1896
1895
1890
1889
1888
1881
1880
1879
1876
1875
1871
1870
1868
1862
1860
1859
1855
1853
1850
1848
1847
1846
1844
1843
1841
1840
1839
1837
1836
1829
1826
1824
1821
1818
1814
1813
1811
1810
1808
1802
1801
1797
1793
1792
1787
1786
1785
1784
1783
1782
1780
1775
1773
1772
1770
1766
1761
1757
1754
1753
1750
1747
1746
1743
1741
1740
1737
1736
1735
1730
1727
1721
1720
1719
1715
1714
1708
1705
1704
1703
1701
1699
1694
1688
1687
1685
1682
1677
1676
1674
1671
1669
1668
1665
1664
1657
1655
1654
1652
1650
1647
1643
1640
1639
1636
1634
1632
1631
1629
1626
1622
1619
1617
1615
1614
1607
1606
1604
1602
1601
1593
1592
1588
1587
1586
1584
1574
1571
1565
1563
1549
1547
1545
1543
1539
1534
1531
1530
1529
1528
1526
1525
1522
1521
1519
1518
1517
1512
1511
1508
1506
1503
1500
1499
1497
1496
1495
1488
1484
1483
1480
1477
1476
1475
1471
1469
1466
1459
1456
1454
1450
1442
1439
1435
1431
1426
1422
1421
1419
1418
1415
1413
1412
1411
1410
1408
1404
1402
1400
1393
1390
1387
1386
1384
1383
1379
1377
1376
1374
1369
1368
1361
1359
1358
1357
1356
1355
1354
1353
1351
1349
1343
1338
1332
1331
1329
1328
1327
1326
1325
1322
1320
1318
1314
1312
1309
1308
1306
1299
1297
1293
1292
1289
1287
1285
1284
1281
1276
1275
1273
1267
1263
1260
1259
1257
1256
1254
1253
1252
1245
1244
1240
1237
1234
1233
1231
1229
1228
1227
1221
1218
1212
1207
1206
1203
1198
1195
1194
1191
1188
1187
1185
1184
1182
1176
1175
1174
1170
1169
1166
1161
1157
1154
1145
1144
1140
1139
1136
1131
1124
1122
1121
1120
1117
1116
1115
1112
1101
1100
1099
1095
1091
1089
1087
1086
1084
1082
1081
1071
1070
1068
1065
1063
1059
1058
1057
1054
1053
1052
1051
1044
1042
1040
1039
1037
1032
1026
1025
1024
1017
1014
1008
1002
997
996
990
980
975
970
968
965
962
961
956
955
949
948
945
944
942
939
938
934
932
928
917
916
909
905
904
903
902
899
895
894
893
892
887
886
885
884
883
881
879
875
872
868
865
864
861
860
857
856
854
851
850
848
841
840
827
826
825
823
822
821
819
818
817
814
809
808
798
797
796
793
789
782
781
768
767
764
763
762
759
756
754
753
747
743
737
735
734
732
725
722
721
720
717
716
710
708
701
700
695
692
690
689
686
685
680
679
676
675
672
670
668
667
665
664
660
657
656
652
651
645
637
634
630
629
627
626
618
617
613
611
610
606
605
597
596
593
591
590
589
587
583
580
577
574
572
570
563
562
560
559
549
546
543
542
541
533
526
525
522
518
517
513
512
510
507
506
501
497
496
495
490
489
485
484
480
476
475
474
469
468
465
461
458
457
455
451
447
446
445
430
426
425
424
423
422
421
418
416
410
409
406
399
397
396
395
392
391
385
384
383
376
374
370
361
352
350
349
348
345
344
343
341
337
332
329
325
318
315
314
311
310
309
308
306
303
297
294
290
288
279
278
274
269
262
261
258
257
255
254
252
251
250
249
245
240
230
229
213
210
208
202
200
199
198
196
193
192
189
188
187
186
183
182
180
174
172
170
169
168
164
161
160
159
157
156
150
145
143
140
138
137
136
134
130
128
125
124
123
122
120
118
115
111
108
107
106
104
103
101
97
94
93
92
89
88
86
85
79
74
72
68
65
62
61
56
55
54
53
50
48
44
43
42
37
30
26
25
23
18
17
16
15
14
10
9
7
6
5
2
Case 19: 4587
Topo: 261
261
260
255
252
251
248
247
246
244
241
238
235
233
223
220
218
217
216
212
206
205
198
197
195
191
190
189
187
183
180
179
176
173
167
165
164
163
160
159
156
154
153
152
148
147
146
144
140
136
135
133
131
130
129
128
123
120
119
115
113
112
109
108
107
106
103
102
101
99
96
95
92
88
87
84
83
80
77
73
71
68
67
64
60
58
57
53
52
51
48
45
37
35
33
32
30
28
26
25
23
20
18
17
8
4
1
Case 20: 261
